0.0430960179279
0.0430960179279
17.0832615066
0.0430960179279
0.0430960179279
0.0430960179279
16.9625926564
0.0430960179279
16.9625926564
0.749870711946
*********** Iteration  0
1.99103602827
1.99103602827
4.21479055335
1.32735735218
17.0401654887
4.02516807447
0.758489915532
0.922254783658
1.99103602827
1.99103602827
*********** Iteration  1
1.32735735218
0.698155490433
0.698155490433
0.698155490433
16.9625926564
0.698155490433
0.698155490433
0.198241682469
0.698155490433
0.698155490433
*********** Iteration  2
16.9625926564
16.9625926564
4.02516807447
1.99103602827
16.9625926564
13.540768833
0.206860886054
0.698155490433
13.540768833
0.698155490433
*********** Iteration  3
1.99103602827
1.99103602827
1.99103602827
1.99103602827
16.9625926564
0.336148939838
0.0430960179279
1.99103602827
1.99103602827
1.99103602827
*********** Iteration  4
