subset : 8 features : 0.0 3.0 6.0 5.0 1.0 4.0 7.0 2.0 12.0 9.0 31.0 24.0 16.0 14.0 11.0 17.0 18.0 19.0 25.0 26.0 28.0 29.0 30.0 32.0 21.0 33.0 34.0 27.0 23.0 13.0 22.0 43.0 39.0 10.0 40.0 38.0 45.0 47.0 49.0 
subset : 2 features : 40.0 38.0 2.0 12.0 26.0 28.0 16.0 14.0 17.0 18.0 19.0 32.0 30.0 25.0 9.0 31.0 24.0 34.0 33.0 27.0 11.0 0.0 3.0 6.0 5.0 1.0 4.0 7.0 29.0 21.0 13.0 22.0 23.0 41.0 42.0 39.0 10.0 46.0 43.0 49.0 
**************************
subset : 3 features : 30.0 16.0 12.0 26.0 28.0 2.0 17.0 14.0 32.0 18.0 19.0 25.0 24.0 9.0 31.0 34.0 33.0 29.0 21.0 11.0 0.0 3.0 6.0 5.0 1.0 4.0 7.0 27.0 23.0 13.0 22.0 43.0 39.0 38.0 40.0 10.0 46.0 45.0 47.0 49.0 
subset : 9 features : 33.0 12.0 26.0 28.0 16.0 14.0 32.0 17.0 30.0 18.0 19.0 25.0 2.0 7.0 4.0 3.0 0.0 6.0 5.0 1.0 9.0 31.0 24.0 34.0 29.0 21.0 11.0 27.0 23.0 13.0 22.0 43.0 39.0 38.0 40.0 10.0 46.0 45.0 47.0 49.0 
subset : 4 features : 4.0 7.0 2.0 12.0 26.0 28.0 16.0 14.0 32.0 17.0 30.0 18.0 19.0 25.0 9.0 31.0 24.0 34.0 33.0 29.0 21.0 11.0 0.0 3.0 6.0 5.0 1.0 27.0 23.0 13.0 22.0 43.0 39.0 38.0 40.0 10.0 46.0 45.0 47.0 49.0 
subset : 5 features : 26.0 12.0 28.0 16.0 14.0 32.0 17.0 30.0 18.0 19.0 25.0 2.0 7.0 4.0 3.0 0.0 6.0 5.0 1.0 9.0 31.0 24.0 34.0 29.0 21.0 11.0 33.0 27.0 23.0 13.0 22.0 43.0 39.0 38.0 40.0 10.0 46.0 45.0 47.0 49.0 
subset : 2 features : 12.0 26.0 28.0 16.0 14.0 32.0 17.0 30.0 18.0 19.0 25.0 2.0 7.0 4.0 3.0 0.0 6.0 5.0 1.0 9.0 31.0 24.0 34.0 29.0 21.0 11.0 33.0 27.0 23.0 13.0 22.0 43.0 39.0 38.0 40.0 10.0 46.0 45.0 47.0 49.0 
**************************
subset : 4 features : 5.0 3.0 6.0 0.0 11.0 30.0 16.0 12.0 26.0 28.0 2.0 17.0 14.0 32.0 18.0 19.0 25.0 24.0 9.0 31.0 34.0 33.0 29.0 21.0 27.0 23.0 39.0 38.0 40.0 7.0 4.0 1.0 13.0 22.0 43.0 46.0 45.0 47.0 49.0 
**************************
subset : 3 features : 27.0 12.0 26.0 28.0 16.0 30.0 32.0 14.0 17.0 18.0 19.0 25.0 2.0 33.0 24.0 9.0 31.0 34.0 29.0 21.0 11.0 13.0 22.0 5.0 3.0 6.0 0.0 4.0 7.0 23.0 39.0 38.0 40.0 49.0 
subset : 8 features : 1.0 5.0 3.0 6.0 0.0 11.0 30.0 16.0 12.0 26.0 28.0 2.0 17.0 14.0 32.0 18.0 19.0 25.0 24.0 9.0 31.0 34.0 33.0 29.0 21.0 27.0 23.0 39.0 38.0 40.0 7.0 4.0 22.0 13.0 43.0 46.0 45.0 47.0 49.0 
subset : 4 features : 0.0 3.0 6.0 5.0 11.0 30.0 16.0 12.0 26.0 28.0 2.0 17.0 14.0 32.0 18.0 19.0 25.0 24.0 9.0 31.0 34.0 33.0 29.0 21.0 27.0 23.0 39.0 38.0 40.0 7.0 4.0 1.0 13.0 22.0 43.0 46.0 45.0 47.0 49.0 
subset : 4 features : 0.0 3.0 6.0 5.0 11.0 30.0 16.0 12.0 26.0 28.0 2.0 17.0 14.0 32.0 18.0 19.0 25.0 24.0 9.0 31.0 34.0 33.0 29.0 21.0 27.0 23.0 39.0 38.0 40.0 7.0 4.0 1.0 13.0 22.0 43.0 46.0 45.0 47.0 49.0 
subset : 4 features : 0.0 3.0 6.0 5.0 11.0 30.0 16.0 12.0 26.0 28.0 2.0 17.0 14.0 32.0 18.0 19.0 25.0 24.0 9.0 31.0 34.0 33.0 29.0 21.0 27.0 23.0 39.0 38.0 40.0 7.0 4.0 1.0 13.0 22.0 43.0 46.0 45.0 47.0 49.0 
subset : 2 features : 26.0 12.0 28.0 16.0 30.0 32.0 14.0 17.0 18.0 19.0 25.0 2.0 33.0 24.0 9.0 31.0 34.0 29.0 21.0 11.0 27.0 23.0 39.0 38.0 40.0 6.0 3.0 0.0 5.0 1.0 7.0 4.0 22.0 13.0 43.0 46.0 45.0 47.0 49.0 
**************************
subset : 4 features : 0.0 3.0 6.0 5.0 1.0 12.0 26.0 28.0 16.0 30.0 32.0 14.0 17.0 18.0 19.0 25.0 2.0 33.0 24.0 9.0 31.0 34.0 27.0 29.0 21.0 11.0 13.0 22.0 4.0 7.0 23.0 39.0 38.0 40.0 49.0 
**************************
