17.0315462851
17.0315462851
20.0290530645
5.12517607434
13.0784583456
5.12517607434
20.0290530645
13.0784583456
20.7690530645
5.12517607434
*********** Iteration  0
1.75445546232
5.12517607434
20.0290530645
1.75445546232
0.88124306115
17.0315462851
17.0315462851
0.88124306115
1.75445546232
0.88124306115
*********** Iteration  1
17.4671589611
0.67232720681
5.12517607434
1.75445546232
0.26467158961
0.88124306115
1.75445546232
20.0290530645
0.67232720681
0.88124306115
*********** Iteration  2
17.0447683911
17.0330144116
0.88124306116
5.12517607434
13.0784583456
20.0290530645
0.88124306116
13.0784583456
0.88124306116
5.12517607434
*********** Iteration  3
17.0330144116
0.23272068135
0.88124306543
5.12517607434
17.7690530645
0.88124306768
1.46715896545
17.0447683955
0.23272068534
17.23272068112
*********** Iteration  4
